0 0.3331880299670219 0.3774057821654103 0.08840193772664985 0.05866062558729693
0 0.3110978476251471 0.31235227443008606 0.07179181099041808 0.05847558798413135
0 0.5627169146801952 0.35525604947952777 0.06579880727463783 0.056551154948863286
0 0.6049348045002908 0.2524737314716011 0.07106161860093786 0.05124635956798383
0 0.6431987529777189 0.4091737109505922 0.054662783539182615 0.043046942037106434
0 0.4561305604214039 0.32831834363221724 0.05891433337000826 0.04987978997950435
0 0.32400095870410106 0.4556954783351873 0.07854674721411639 0.037121407929957974
1 0.4473872215170045 0.43080302920489755 0.07229776995946327 0.06089649026637068
1 0.5324045853053772 0.2658401830435618 0.06993888450571993 0.06362783131807317
1 0.6146929786981995 0.34752239923084605 0.035419923019487536 0.04289385173002024
